001110111111100000010
100110100001111000011
001110100111100000010
001110111111100000010
001110111111100000010
001110111111100000010
001110111111100000010
001110100111100001010
100110100001111000011
001110100111100000010
100110100001111000011
001110111111100000010
001110111111100000010
001110111111100000010
001110100111100001010
001110111111100000010
001110100111100001010
001110100111100000010
001110111111100000010
001110111111100000010
001110100111100001010
110111100001101000011
001110111111100100010
100110100001111000011
110110100001101000011
001110111111100000010
001110111111100000010
001110111111100000010
110110100001101000011
001110111111100000010
001110100111100001010
110110100001101000011
100110100001111000011
001110111111100000010
001110111111100000010
001110100111100001010
001110111111100000010
100110100001111000011
100110100001111000011
001110111111100000010
110110100001101000011
001110111111100000010
100110100001111000011
001110111111100000010
001110111111100000010
001110111111100000010
100110100001111000011
001110100111100001010
100110100001111000011
100110100001111000011
001110100111100001010
001110111111100000010
100110100001111000011
001110111111100000010
110110100001101000011
100110100001111000011
001110111111100000010
001110111111100000010
110111100001101000111
001110111111100000010
001110100111100001010
001110111111100000010
100110100001111000011
001110111111100000010
110110100001101000011
001110111111100000010
100110100001111000011
110110100001101000011
001110111111100000010
100110100001111000011
001110111111100000010
001110111111100000010
001110111111100000010
100110100001111000011
001110111111100000010
001110111111100000010
001110111111100000010
001110111111100000010
001110111111100000010
001110111111100000010
100110100001111000011
001110111111100000010
001110111111100000010
001110111111100000010
110111100001101000011
001110100111100001010
001110111111100000010
100110100001111000011
001110111111100000010
001110111111100000010
110110100001101000011
001110111111100000010
110111100001101000011
001110111111100000010
001110100111100000010
001110111111100010010
110111100001101000011
001110100111100001010
001110111111100000010
001110111111100000010


