01011111111111
01011111110110
01011111111111
00110101010110
00110101010110
00110101010110
01011111110110
00110101010110
00110101010110
00110101010110
00110101010110
00110101010110
00110101010110
00110101010110
00110101010110
00110101010110
00110101010110
01011111111111
01011111110110
00110101010110
01011111111111
01011111110110
00110101010110
00110101010110
00110101010110
00110101010110
01011111111111
01011111111111
00110101010110
01011111110110
01011111111111
00110101010110
00110101010110
00110101010110
00110101010110
01011111110110
00110101010110
00110101010110
01011111111111
00110101010110
00110101010110
00110101010110
00110101010110
00110101010110
00110101010110
01011111111111
10110101010110
01011111111111
00110101010110
00110101010110
01011111110110
00110101010110
01011111110111
00110101010110
00110101010110
01011111110110
00110101010110
01011111111111
01011111110110
01011111110111
00110101010110
00110101010110
01011111110110
00110101010110
00110101010110
01011111110111
00110101010110
00110101010110
00110101010110
01011111110110
00110101010110
00110101010110
01011111110110
00110101010110
00110101010110
00110101010110
00110101010110
10110101010110
01011111110110
00110101010110
00110101010110
00110101010110
01011111111111
01011111111111
01011111111111
00110101010110
01011111111111
00110101010110
00110101010110
00110101010110
01011111111111
00110101010110
00110101010110
00110101010110
00110101010110
01011111110110
00110101010110
01011111111111
00110101010110
00110101010110


